Output numeric_lists.py
track_km: [5.412, 6.17, 5.27, 6.003, 5.412, 4.909, 3.337, 4.675, 4.361, 4.318, 5.891, 4.381, 7.004, 4.259, 5.793, 5.063, 5.807, 5.38, 5.513, 4.304, 4.309, 5.281]

mean: 74.56363636363636

median: 73.19999999999999

mode: 78.6

Correlation: -0.10108162119549823
Standard Deviation: 0.835097002945768
Variance: 0.6973870043290042

slope: -0.012999435347261425

x_max: 87.6
new x max after 15: 1314.0
new y: -103.05288872974805
Length of time list: 22
Sum of km per lap for all tracks: 112.85200000000002 number of tracks: 22 average number of km per track: 5.129636363636364

New list of years [2009, 2010, 2011, 2012, 2013, 2014, 2015, 2016, 2017, 2018, 2019, [2020, 2021, 2022]] and extended points [172, 498, 650, 460, 596, 701, 703, 765, 688, 655, 739, 650, 498, 172]
Ascending Points: [172, 172, 460, 498, 498, 596, 650, 650, 655, 688, 701, 703, 739, 765] Descending points: [765, 739, 703, 701, 688, 655, 650, 650, 596, 498, 498, 460, 172, 172] Count of 700: 0
[<map object at 0x0000020B225CBFD0>]

List of odd Points entries [701, 703, 765, 655, 739]
Cube Root: [(172, 5.561297766521235), (498, 7.926408444489703), (650, 8.662391053409026), (460, 7.719442629361641), (596, 8.415541898951927), (701, 8.883266119928665), (703, 8.891706282839353), (765, 9.145774273770835), (688, 8.828009924884206), (655, 8.684545602717153), (739, 9.040965516734962), (650, 8.662391053409026), (498, 7.926408444489703), (172, 5.561297766521235)]


Area of Cube: [(172, 5088448), (498, 123505992), (650, 274625000), (460, 97336000), (596, 211708736), (701, 344472101), (703, 347428927), (765, 447697125), (688, 325660672), (655, 281011375), (739, 403583419), (650, 274625000), (498, 123505992), (172, 5088448)]

Track length km - mi conversion [3.83385907, 3.2746251699999998, 3.730090113, 3.362859852, 3.050310239, 2.073515027, 2.904909425, 2.709798931, 2.683079978, 3.660496561, 2.722226351, 4.352082483999999, 2.646419089, 
3.5996022030000003, 3.146001373, 3.6083013970000004, 3.34297598, 3.425618323, 2.6743807840000002, 2.677487639]